1	2	226
1	3	35
1	4	127
1	5	69
1	6	22
1	7	41
1	8	15
1	9	27
1	10	137
1	11	24
1	12	55
1	14	113
1	15	15
1	16	6
1	17	200
1	18	3
1	19	50
1	20	47
1	21	12
1	22	176
1	23	160
1	24	60
1	25	10
1	26	281
1	27	46
1	28	13
1	29	47
1	30	24
1	31	47
1	32	45
1	33	27
1	34	17
1	35	9
1	36	27
1	37	55
1	38	37
1	39	548
1	40	39
1	41	506
1	42	61
1	43	45
1	44	16
1	45	30
1	46	206
1	47	196
1	48	19
1	49	305
1	50	34
1	51	36
1	52	47
1	53	14
1	54	14
1	55	8
1	56	34
1	57	83
1	58	32
1	59	44
1	60	39
1	61	48
1	62	80
1	63	293
1	64	40
1	65	117
1	66	143
1	67	40
1	68	31
1	69	17
1	70	39
1	71	37
1	72	14
1	73	28
2	3	30
2	4	184
2	5	56
2	6	31
2	7	44
2	8	26
2	9	28
2	10	105
2	11	9
2	12	54
2	13	31
2	14	70
2	15	12
2	16	26
2	17	118
2	18	5
2	19	37
2	20	31
2	21	16
2	22	164
2	23	97
2	24	31
2	25	8
2	26	51
2	27	27
2	28	3
2	29	28
2	30	7
2	31	16
2	32	60
2	33	55
2	34	57
2	35	14
2	36	6
2	37	58
2	38	28
2	39	378
2	40	34
2	41	512
2	42	24
2	43	40
2	44	13
2	45	33
2	46	212
2	47	150
2	48	2
2	49	382
2	50	49
2	51	21
2	52	49
2	53	5
2	54	11
2	55	13
2	56	59
2	57	15
2	58	42
2	59	26
2	60	38
2	61	42
2	62	132
2	63	160
2	64	5
2	65	109
2	66	63
2	67	31
2	68	46
2	69	12
2	70	49
2	71	6
2	72	6
2	73	44
3	4	20
3	5	13
3	6	7
3	9	2
3	10	21
3	11	6
3	12	2
3	14	38
3	15	1
3	17	28
3	19	10
3	20	3
3	21	1
3	22	18
3	23	27
3	24	7
3	25	4
3	26	6
3	27	9
3	29	6
3	33	29
3	36	1
3	37	4
3	39	51
3	40	13
3	41	87
3	42	5
3	46	14
3	47	21
3	48	2
3	49	34
3	51	1
3	52	19
3	54	3
3	56	20
3	57	6
3	58	3
3	59	2
3	60	3
3	62	18
3	63	57
3	65	18
3	66	21
3	67	4
3	68	1
3	70	14
3	71	9
3	72	1
3	73	1
4	5	58
4	6	28
4	7	35
4	8	16
4	9	16
4	10	57
4	11	12
4	12	30
4	13	13
4	14	37
4	15	7
4	16	14
4	17	62
4	19	22
4	20	11
4	21	8
4	22	62
4	23	60
4	24	25
4	25	5
4	26	64
4	27	22
4	28	7
4	29	13
4	30	4
4	31	29
4	32	28
4	33	16
4	34	8
4	35	7
4	36	1
4	37	47
4	38	22
4	39	213
4	40	24
4	41	368
4	42	29
4	43	49
4	44	5
4	45	19
4	46	122
4	47	106
4	48	8
4	49	159
4	50	2
4	51	15
4	52	22
4	53	10
4	54	9
4	55	8
4	56	31
4	57	20
4	58	2
4	59	1
4	60	19
4	61	64
4	62	39
4	63	93
4	64	6
4	65	98
4	66	67
4	67	25
4	68	9
4	69	5
4	70	14
4	71	33
4	72	7
4	73	4
5	6	4
5	7	11
5	8	1
5	9	8
5	10	26
5	11	12
5	12	13
5	14	35
5	15	13
5	17	49
5	18	2
5	19	21
5	20	7
5	21	1
5	22	67
5	23	49
5	24	16
5	25	2
5	26	67
5	27	21
5	28	15
5	29	14
5	30	2
5	31	30
5	32	2
5	33	69
5	35	5
5	36	7
5	37	27
5	38	17
5	39	106
5	40	22
5	41	64
5	42	8
5	43	1
5	44	2
5	45	4
5	46	61
5	47	56
5	48	4
5	49	83
5	50	1
5	51	6
5	52	20
5	53	3
5	54	13
5	55	1
5	56	20
5	57	11
5	58	6
5	59	12
5	60	12
5	61	2
5	62	31
5	63	74
5	64	7
5	65	58
5	66	65
5	67	25
5	68	8
5	69	1
5	70	19
5	71	15
5	72	2
5	73	13
6	7	4
6	9	1
6	10	8
6	11	3
6	13	1
6	14	12
6	16	2
6	17	7
6	19	6
6	20	6
6	21	1
6	22	5
6	23	19
6	24	10
6	25	6
6	26	17
6	27	6
6	29	2
6	30	1
6	31	4
6	32	6
6	33	6
6	34	5
6	37	3
6	38	5
6	39	43
6	40	4
6	41	79
6	44	5
6	45	2
6	46	14
6	47	19
6	48	1
6	49	30
6	51	1
6	52	7
6	53	1
6	55	1
6	56	1
6	60	3
6	61	8
6	62	7
6	63	16
6	64	1
6	65	13
6	66	3
6	67	1
6	69	4
6	70	4
6	71	1
6	72	4
6	73	1
7	8	9
7	9	7
7	10	11
7	11	4
7	12	9
7	13	12
7	14	5
7	15	1
7	16	3
7	17	19
7	18	2
7	19	3
7	20	5
7	21	3
7	22	22
7	23	12
7	24	8
7	25	3
7	26	27
7	27	2
7	28	1
7	29	19
7	30	3
7	31	6
7	32	1
7	33	1
7	34	1
7	35	57
7	36	1
7	37	58
7	38	20
7	39	188
7	40	7
7	41	134
7	42	6
7	43	7
7	44	2
7	45	13
7	46	83
7	47	83
7	49	53
7	51	4
7	52	9
7	53	1
7	54	37
7	55	17
7	60	3
7	61	28
7	62	8
7	63	20
7	64	1
7	65	9
7	66	10
7	67	8
7	68	2
7	69	5
7	70	8
7	71	52
7	72	1
8	9	2
8	12	3
8	13	26
8	16	30
8	17	6
8	23	3
8	24	11
8	29	3
8	30	1
8	31	2
8	35	8
8	37	8
8	38	4
8	39	29
8	40	1
8	41	47
8	42	1
8	43	4
8	45	5
8	46	29
8	47	9
8	49	17
8	51	2
8	52	3
8	54	3
8	55	4
8	60	4
8	61	14
8	62	9
8	63	2
8	66	2
8	67	1
8	69	2
8	71	5
9	10	7
9	11	1
9	12	12
9	13	2
9	14	9
9	15	1
9	17	24
9	18	1
9	19	3
9	20	2
9	21	2
9	22	13
9	23	15
9	24	11
9	26	28
9	27	6
9	28	3
9	29	5
9	30	1
9	31	1
9	32	1
9	33	4
9	35	3
9	36	5
9	37	11
9	38	4
9	39	52
9	40	4
9	41	57
9	42	3
9	43	8
9	46	15
9	47	14
9	48	2
9	49	32
9	51	2
9	52	9
9	53	4
9	54	2
9	56	4
9	57	9
9	59	3
9	60	7
9	62	4
9	63	32
9	64	2
9	65	16
9	66	33
9	67	4
9	68	1
9	70	2
9	71	5
9	72	2
9	73	1
10	11	25
10	12	26
10	13	11
10	14	47
10	15	5
10	16	2
10	17	99
10	18	2
10	19	16
10	20	23
10	21	7
10	22	104
10	23	67
10	24	16
10	25	3
10	26	160
10	27	33
10	28	5
10	29	33
10	30	8
10	31	6
10	32	13
10	33	22
10	36	10
10	37	30
10	38	9
10	39	260
10	40	16
10	41	284
10	42	36
10	43	8
10	44	3
10	45	7
10	46	106
10	47	99
10	48	11
10	49	144
10	51	14
10	52	18
10	53	5
10	54	2
10	55	1
10	56	9
10	57	29
10	58	14
10	59	6
10	60	28
10	61	7
10	62	44
10	63	146
10	64	23
10	65	57
10	66	52
10	67	29
10	68	24
10	69	3
10	70	20
10	71	17
10	72	3
10	73	11
11	12	8
11	14	15
11	15	3
11	17	15
11	19	6
11	20	12
11	21	5
11	22	18
11	23	29
11	24	10
11	25	1
11	26	30
11	27	8
11	28	1
11	29	5
11	30	4
11	31	1
11	33	10
11	35	2
11	36	3
11	37	12
11	38	2
11	39	40
11	40	3
11	41	55
11	42	7
11	45	2
11	46	29
11	47	17
11	48	3
11	49	29
11	51	4
11	52	3
11	53	2
11	54	4
11	55	2
11	57	8
11	58	2
11	59	5
11	60	9
11	61	1
11	62	2
11	63	38
11	64	2
11	65	17
11	66	17
11	67	2
11	68	1
11	69	4
11	70	4
11	71	5
11	72	1
11	73	2
12	14	6
12	15	4
12	17	18
12	19	2
12	20	3
12	22	23
12	23	21
12	24	13
12	25	1
12	26	46
12	27	10
12	28	11
12	29	13
12	30	4
12	31	14
12	33	4
12	35	5
12	36	2
12	37	30
12	38	14
12	39	88
12	40	3
12	41	88
12	42	16
12	43	10
12	44	6
12	45	3
12	46	30
12	47	33
12	48	7
12	49	46
12	50	1
12	51	10
12	52	13
12	53	5
12	54	10
12	55	1
12	56	6
12	57	4
12	58	4
12	60	14
12	61	1
12	62	9
12	63	45
12	64	8
12	65	26
12	66	16
12	67	8
12	68	5
12	69	3
12	70	8
12	71	24
12	72	2
12	73	12
13	16	52
13	18	11
13	19	1
13	22	1
13	23	1
13	24	10
13	25	11
13	26	4
13	35	1
13	37	11
13	39	2
13	40	1
13	41	27
13	42	1
13	44	2
13	46	83
13	47	2
13	49	8
13	54	11
13	55	11
13	60	2
13	61	5
13	62	3
13	63	2
13	65	15
13	66	22
14	15	5
14	17	59
14	19	23
14	20	8
14	21	4
14	22	55
14	23	60
14	24	23
14	25	5
14	26	96
14	27	19
14	28	1
14	29	13
14	30	7
14	31	2
14	32	1
14	33	33
14	36	8
14	37	16
14	38	4
14	39	142
14	40	15
14	41	174
14	42	9
14	43	19
14	46	44
14	47	55
14	48	2
14	49	78
14	50	4
14	51	8
14	52	21
14	53	2
14	55	3
14	56	10
14	57	38
14	58	10
14	59	9
14	60	1
14	61	6
14	62	39
14	63	128
14	64	14
14	65	40
14	66	57
14	67	13
14	68	4
14	69	9
14	70	25
14	71	6
14	72	8
14	73	7
15	17	3
15	18	1
15	19	2
15	20	2
15	21	1
15	22	10
15	23	6
15	24	4
15	25	1
15	26	9
15	27	2
15	29	3
15	30	1
15	31	6
15	33	5
15	36	2
15	37	6
15	38	2
15	39	21
15	40	3
15	41	21
15	42	5
15	44	2
15	46	9
15	47	10
15	48	1
15	49	17
15	50	2
15	51	2
15	52	5
15	53	1
15	54	2
15	57	5
15	58	1
15	59	6
15	60	1
15	61	2
15	62	2
15	63	16
15	64	1
15	65	8
15	66	11
15	67	1
15	73	6
16	17	5
16	18	2
16	19	1
16	21	2
16	22	3
16	23	3
16	24	14
16	25	2
16	26	2
16	27	2
16	34	5
16	35	1
16	37	3
16	38	3
16	39	11
16	41	40
16	44	1
16	45	1
16	46	29
16	47	5
16	49	16
16	52	4
16	53	1
16	54	2
16	55	2
16	60	1
16	61	7
16	63	3
16	65	5
16	66	5
17	18	9
17	19	45
17	20	22
17	21	11
17	22	153
17	23	70
17	24	29
17	25	5
17	26	222
17	27	26
17	28	8
17	29	38
17	30	12
17	31	17
17	32	4
17	33	24
17	34	2
17	35	7
17	36	17
17	37	20
17	38	17
17	39	403
17	40	28
17	41	241
17	42	69
17	43	16
17	44	6
17	45	3
17	46	87
17	47	118
17	48	12
17	49	131
17	50	4
17	51	17
17	52	47
17	53	10
17	54	4
17	55	3
17	56	17
17	57	58
17	58	4
17	59	17
17	60	4
17	61	12
17	62	46
17	63	124
17	64	33
17	65	59
17	66	104
17	67	30
17	68	9
17	69	8
17	70	22
17	71	20
17	72	14
17	73	22
18	19	9
18	20	9
18	23	2
18	25	1
18	26	2
18	27	1
18	31	1
18	33	1
18	36	1
18	37	2
18	38	1
18	39	1
18	40	1
18	41	71
18	46	14
18	47	12
18	49	10
18	53	1
18	54	1
18	55	1
18	59	4
18	61	1
18	62	38
18	63	2
18	65	7
18	66	3
18	67	1
18	68	1
18	69	1
19	20	13
19	21	1
19	22	34
19	23	21
19	24	2
19	25	1
19	26	36
19	27	8
19	28	3
19	29	9
19	30	1
19	31	2
19	33	6
19	34	6
19	36	4
19	37	5
19	38	4
19	39	93
19	40	6
19	41	100
19	42	14
19	43	1
19	44	5
19	45	2
19	46	29
19	47	45
19	48	5
19	49	40
19	50	5
19	51	7
19	52	12
19	53	2
19	55	2
19	56	9
19	57	11
19	58	2
19	59	5
19	60	3
19	61	2
19	62	15
19	63	48
19	64	8
19	65	19
19	66	26
19	67	6
19	68	6
19	69	7
19	70	11
19	71	6
19	72	7
19	73	4
20	21	2
20	22	28
20	23	28
20	24	6
20	25	2
20	26	47
20	27	23
20	28	3
20	29	9
20	30	4
20	31	6
20	33	12
20	34	12
20	36	4
20	37	7
20	38	4
20	39	99
20	40	1
20	41	101
20	42	8
20	44	3
20	45	3
20	46	16
20	47	34
20	48	9
20	49	37
20	50	4
20	51	6
20	52	5
20	53	1
20	55	2
20	56	12
20	57	2
20	58	4
20	59	15
20	60	5
20	61	1
20	62	7
20	63	45
20	64	2
20	65	24
20	66	19
20	67	10
20	68	12
20	69	12
20	70	6
20	71	3
20	72	2
20	73	4
21	22	8
21	23	8
21	24	4
21	25	1
21	26	8
21	29	2
21	30	1
21	32	1
21	33	4
21	36	1
21	39	30
21	40	1
21	41	44
21	45	1
21	46	16
21	47	2
21	49	27
21	52	1
21	57	3
21	58	1
21	61	3
21	62	5
21	63	23
21	64	1
21	65	4
21	66	17
21	67	3
21	70	2
22	23	86
22	24	22
22	25	9
22	26	170
22	27	49
22	28	21
22	29	30
22	30	7
22	31	28
22	32	4
22	33	34
22	34	10
22	35	4
22	36	12
22	37	29
22	38	15
22	39	298
22	40	31
22	41	202
22	42	61
22	43	9
22	44	7
22	45	11
22	46	105
22	47	130
22	48	6
22	49	181
22	50	15
22	51	21
22	52	45
22	53	4
22	54	5
22	55	5
22	56	25
22	57	33
22	58	38
22	59	30
22	60	28
22	61	8
22	62	35
22	63	173
22	64	17
22	65	60
22	66	81
22	67	51
22	68	19
22	69	7
22	70	35
22	71	14
22	73	20
23	24	40
23	25	7
23	26	112
23	27	32
23	28	14
23	29	20
23	30	4
23	31	7
23	32	4
23	33	22
23	34	7
23	35	5
23	36	12
23	37	27
23	38	22
23	39	223
23	40	23
23	41	269
23	42	23
23	43	30
23	44	7
23	45	12
23	46	103
23	47	86
23	48	17
23	49	150
23	50	1
23	51	10
23	52	17
23	53	4
23	54	7
23	55	6
23	56	20
23	57	32
23	58	21
23	59	13
23	60	19
23	61	22
23	62	58
23	63	144
23	64	10
23	65	68
23	66	79
23	67	21
23	68	13
23	69	13
23	70	13
23	71	21
23	72	13
23	73	8
24	25	8
24	26	45
24	27	11
24	28	2
24	29	5
24	30	3
24	31	18
24	32	6
24	33	7
24	35	4
24	36	5
24	37	13
24	38	6
24	39	94
24	40	13
24	41	138
24	42	13
24	43	8
24	44	4
24	45	6
24	46	72
24	47	34
24	48	6
24	49	48
24	50	15
24	51	3
24	52	5
24	53	2
24	54	7
24	55	1
24	56	2
24	57	16
24	58	3
24	59	7
24	60	2
24	61	16
24	62	10
24	63	53
24	64	8
24	65	25
24	66	36
24	67	8
24	68	2
24	69	4
24	70	4
24	71	9
24	72	7
24	73	8
25	26	2
25	29	1
25	30	2
25	33	1
25	37	2
25	38	1
25	39	21
25	40	2
25	41	25
25	42	2
25	44	1
25	45	1
25	46	16
25	47	7
25	48	1
25	49	9
25	50	1
25	52	2
25	54	1
25	55	1
25	56	1
25	57	2
25	59	4
25	61	3
25	62	2
25	63	6
25	65	3
25	66	7
25	67	2
25	72	2
25	73	1
26	27	42
26	28	15
26	29	52
26	30	14
26	31	36
26	32	6
26	33	44
26	35	1
26	36	27
26	37	53
26	38	18
26	39	444
26	40	41
26	41	421
26	42	88
26	43	3
26	44	22
26	45	8
26	46	86
26	47	189
26	48	24
26	49	191
26	51	14
26	52	21
26	53	15
26	54	8
26	55	12
26	56	9
26	57	61
26	58	5
26	59	31
26	60	21
26	61	17
26	62	23
26	63	181
26	64	58
26	65	90
26	66	143
26	67	30
26	68	10
26	69	2
26	70	16
26	71	24
26	72	12
26	73	26
27	28	30
27	29	5
27	30	3
27	32	2
27	33	27
27	34	6
27	36	9
27	37	22
27	38	11
27	39	123
27	41	81
27	42	19
27	45	5
27	46	39
27	47	39
27	48	8
27	49	38
27	50	2
27	51	4
27	52	12
27	53	1
27	54	2
27	56	6
27	57	2
27	58	5
27	60	1
27	61	3
27	62	8
27	63	45
27	65	33
27	66	24
27	67	13
27	68	21
27	70	6
27	71	6
27	73	4
28	29	2
28	33	8
28	36	2
28	37	1
28	38	6
28	39	84
28	40	2
28	41	14
28	42	1
28	43	3
28	46	28
28	47	8
28	48	4
28	49	14
28	51	1
28	52	1
28	53	2
28	54	1
28	62	1
28	63	14
28	65	5
28	66	17
28	67	6
28	68	15
28	71	6
28	72	3
29	30	3
29	31	6
29	33	8
29	35	8
29	36	3
29	37	19
29	38	4
29	39	104
29	40	7
29	41	75
29	42	5
29	43	4
29	44	1
29	45	2
29	46	27
29	47	36
29	48	3
29	49	42
29	51	13
29	52	6
29	53	1
29	54	8
29	55	3
29	56	5
29	57	9
29	58	8
29	59	5
29	60	4
29	61	2
29	62	5
29	63	36
29	64	6
29	65	11
29	66	16
29	67	5
29	68	1
29	69	6
29	70	1
29	71	12
29	72	5
30	31	8
30	33	1
30	36	3
30	37	2
30	38	2
30	39	42
30	41	29
30	42	2
30	44	1
30	45	2
30	46	19
30	47	13
30	49	9
30	50	1
30	51	1
30	52	3
30	54	2
30	55	1
30	57	8
30	60	1
30	61	4
30	62	2
30	63	15
30	64	1
30	65	5
30	66	8
30	67	1
30	71	1
31	32	2
31	33	1
31	35	1
31	36	2
31	37	7
31	38	12
31	39	50
31	40	1
31	41	61
31	42	13
31	44	10
31	45	5
31	46	39
31	47	33
31	48	3
31	49	31
31	52	1
31	53	1
31	54	6
31	55	2
31	57	2
31	58	4
31	59	4
31	60	2
31	61	5
31	62	3
31	63	42
31	64	5
31	65	6
31	66	29
31	67	4
31	70	2
31	73	9
32	33	2
32	39	24
32	41	64
32	46	23
32	47	4
32	49	46
32	50	18
32	52	2
32	56	6
32	57	1
32	61	3
32	62	6
32	63	7
32	65	9
32	66	6
32	67	1
33	35	2
33	36	2
33	37	19
33	38	4
33	39	62
33	40	12
33	41	49
33	42	2
33	43	2
33	45	4
33	46	29
33	47	29
33	48	3
33	49	53
33	50	2
33	51	3
33	52	10
33	53	2
33	54	9
33	56	13
33	57	7
33	58	7
33	59	6
33	60	2
33	61	3
33	62	14
33	63	41
33	64	1
33	65	51
33	66	38
33	67	11
33	68	4
33	70	23
33	71	23
33	73	6
34	39	76
34	41	29
34	43	2
34	45	2
34	47	8
34	49	34
34	50	12
34	56	24
34	63	1
34	65	11
34	68	24
34	70	19
35	37	26
35	38	9
35	39	71
35	40	4
35	41	35
35	42	1
35	43	4
35	45	1
35	46	27
35	47	31
35	49	12
35	51	2
35	52	4
35	54	19
35	55	6
35	60	5
35	61	12
35	62	1
35	63	6
35	65	4
35	66	3
35	67	1
35	70	1
35	71	22
36	37	2
36	38	1
36	39	45
36	40	3
36	41	21
36	42	1
36	43	8
36	46	13
36	47	13
36	48	2
36	49	15
36	52	6
36	53	2
36	55	1
36	56	5
36	57	8
36	58	1
36	59	4
36	60	2
36	62	2
36	63	21
36	65	6
36	66	17
36	67	1
36	68	1
36	69	6
36	70	1
36	72	1
36	73	1
37	38	22
37	39	139
37	40	9
37	41	114
37	42	2
37	43	4
37	44	2
37	45	1
37	46	74
37	47	81
37	48	3
37	49	45
37	50	1
37	51	9
37	52	15
37	53	4
37	54	20
37	55	7
37	56	4
37	57	18
37	59	6
37	60	14
37	61	21
37	62	12
37	63	40
37	64	6
37	65	45
37	66	34
37	67	9
37	69	2
37	70	2
37	71	33
37	72	1
37	73	10
38	39	86
38	40	3
38	41	65
38	42	4
38	43	4
38	44	3
38	45	1
38	46	27
38	47	36
38	48	4
38	49	39
38	51	5
38	52	11
38	53	1
38	54	5
38	55	3
38	57	10
38	58	6
38	59	12
38	60	2
38	61	15
38	62	14
38	63	17
38	64	4
38	65	15
38	66	17
38	67	5
38	68	2
38	69	3
38	71	16
38	72	2
38	73	3
39	40	67
39	41	952
39	42	90
39	43	98
39	44	27
39	45	27
39	46	421
39	47	424
39	48	38
39	49	446
39	50	30
39	51	62
39	52	135
39	53	28
39	54	53
39	55	44
39	56	83
39	57	114
39	58	7
39	59	41
39	60	70
39	61	141
39	62	109
39	63	330
39	64	48
39	65	175
39	66	251
39	67	75
39	68	102
39	69	31
39	70	83
39	71	86
39	72	22
39	73	25
40	41	46
40	42	2
40	43	16
40	44	2
40	45	3
40	46	25
40	47	28
40	49	32
40	51	5
40	52	9
40	53	1
40	54	3
40	56	37
40	57	12
40	59	7
40	60	5
40	62	6
40	63	36
40	64	4
40	65	17
40	66	22
40	67	5
40	68	1
40	69	6
40	70	5
40	71	7
40	72	3
40	73	1
41	42	175
41	43	9
41	44	57
41	45	92
41	46	666
41	47	355
41	48	28
41	49	723
41	50	72
41	51	35
41	52	105
41	53	8
41	54	29
41	55	54
41	56	63
41	57	24
41	58	3
41	60	42
41	61	182
41	62	208
41	63	439
41	64	37
41	65	231
41	66	124
41	67	60
41	68	59
41	69	31
41	70	72
41	71	98
41	72	44
41	73	21
42	44	6
42	45	1
42	46	37
42	47	30
42	48	4
42	49	48
42	50	5
42	51	4
42	52	3
42	54	1
42	55	3
42	57	3
42	60	2
42	61	8
42	62	5
42	63	48
42	64	15
42	65	16
42	66	6
42	67	8
42	68	9
42	69	2
42	70	7
42	71	15
42	72	1
42	73	5
43	46	51
43	47	23
43	49	50
43	51	11
43	52	6
43	53	10
43	54	9
43	56	8
43	57	4
43	59	2
43	62	10
43	63	13
43	65	9
43	66	6
43	68	3
43	69	20
43	70	9
43	71	10
43	72	3
44	45	4
44	46	22
44	47	18
44	48	2
44	49	28
44	51	3
44	52	5
44	53	1
44	54	2
44	55	1
44	57	1
44	61	1
44	62	6
44	63	16
44	64	3
44	65	2
44	66	1
44	67	2
44	69	2
44	71	1
44	73	1
45	46	34
45	47	23
45	49	54
45	50	2
45	51	1
45	52	3
45	54	3
45	55	3
45	57	1
45	60	1
45	61	13
45	62	11
45	63	10
45	65	3
45	67	1
45	68	1
45	69	1
45	70	18
45	71	4
46	47	135
46	48	6
46	49	287
46	50	38
46	51	14
46	52	45
46	53	6
46	54	32
46	55	29
46	56	18
46	57	29
46	58	13
46	59	17
46	60	39
46	61	87
46	62	73
46	63	176
46	64	12
46	65	102
46	66	93
46	67	33
46	68	33
46	69	18
46	70	9
46	71	49
46	72	17
46	73	11
47	48	12
47	49	181
47	50	8
47	51	20
47	52	41
47	53	10
47	54	26
47	55	14
47	56	17
47	57	65
47	58	10
47	59	20
47	60	16
47	61	35
47	62	54
47	63	146
47	64	28
47	65	66
47	66	95
47	67	34
47	68	15
47	69	13
47	70	23
47	71	38
47	72	7
47	73	21
48	49	21
48	52	1
48	53	2
48	56	1
48	57	6
48	58	1
48	60	1
48	62	7
48	63	25
48	65	14
48	66	6
48	67	7
48	68	1
48	70	1
48	71	2
48	72	2
48	73	2
49	50	33
49	51	30
49	52	50
49	53	11
49	54	10
49	55	17
49	56	33
49	57	31
49	58	31
49	59	33
49	60	56
49	61	73
49	62	118
49	63	267
49	64	15
49	65	161
49	66	106
49	67	43
49	68	34
49	69	32
49	70	33
49	71	28
49	72	9
49	73	20
50	56	8
50	57	5
50	59	4
50	63	15
50	65	3
50	66	6
50	67	1
50	68	8
50	70	11
50	73	5
51	52	5
51	53	2
51	54	4
51	56	4
51	57	8
51	58	6
51	59	5
51	60	1
51	62	3
51	63	19
51	64	6
51	65	9
51	66	5
51	67	5
51	68	2
51	69	7
51	71	8
51	72	3
52	53	6
52	54	2
52	55	1
52	56	10
52	57	11
52	59	1
52	60	1
52	61	15
52	62	9
52	63	46
52	64	1
52	65	21
52	66	29
52	67	29
52	68	9
52	70	5
52	71	11
52	72	2
52	73	6
53	54	1
53	57	9
53	59	6
53	63	8
53	64	2
53	65	9
53	66	8
53	67	1
53	68	1
53	70	2
53	71	2
53	72	1
53	73	2
54	55	5
54	56	1
54	60	3
54	61	2
54	62	1
54	63	5
54	64	2
54	65	12
54	66	10
54	67	1
54	68	1
54	69	1
54	70	2
54	71	20
54	72	1
55	61	20
55	62	8
55	63	2
55	65	3
55	66	4
55	67	2
55	69	1
55	71	5
55	72	1
56	57	5
56	58	2
56	59	1
56	60	4
56	62	6
56	63	29
56	65	25
56	66	15
56	67	7
56	68	17
56	69	6
56	70	14
56	71	5
56	72	2
57	59	24
57	62	10
57	63	42
57	64	16
57	65	23
57	66	76
57	67	12
57	69	5
57	70	2
57	73	8
58	62	16
58	63	47
58	65	11
58	66	5
58	67	4
58	68	3
58	70	2
58	71	2
58	73	8
59	62	4
59	63	10
59	64	8
59	65	10
59	66	23
59	67	2
59	69	20
59	70	3
59	73	6
60	61	1
60	62	14
60	63	46
60	65	17
60	66	5
60	68	17
60	70	7
60	71	7
60	72	1
60	73	5
61	62	19
61	63	9
61	65	25
61	66	4
61	67	3
61	68	2
61	69	3
61	70	5
61	71	2
61	72	3
62	63	68
62	64	2
62	65	35
62	66	21
62	67	9
62	68	16
62	69	9
62	70	12
62	71	2
62	72	1
62	73	7
63	64	22
63	65	113
63	66	146
63	67	41
63	68	16
63	69	14
63	70	45
63	71	29
63	72	16
63	73	51
64	65	3
64	66	21
64	67	6
64	68	3
64	71	4
64	72	1
64	73	4
65	66	53
65	67	17
65	68	14
65	69	5
65	70	10
65	71	16
65	72	6
65	73	11
66	67	23
66	68	8
66	69	7
66	70	6
66	71	7
66	72	4
66	73	13
67	68	11
67	69	2
67	71	9
67	72	2
67	73	4
68	69	2
68	70	13
68	71	4
68	72	2
69	71	4
69	72	4
70	71	1
70	72	1
70	73	4
71	72	6
72	73	1
